1100000000000000000000000001001100110010000000000011111101001001
1100000000000000000000000001001100110010000000001001111101001001
0000110000000000000000000001001100110010000000000011111101001001
0000110000000000000000000001001100110010000000001001111101001001
0010100000000000000000000001001100110010000000000011111101010010
0010100000000000000000000001001100110010000000001001111101011101
0001010000000000000010000010101010101010110000001010000000001001
1100000011000000000010000000100010001000100000001010000000001001
1100000000000000000000000000000000000000000000000011101101001001
1100000000000000000000000000000000000000000000001001101101001001
0000110000000000000000000000000000000000000000000011101101001001
0000110000000000000000000000000000000000000000001001101101001001
0010100000000000000000000000000000000000000000000011101101010010
0010100000000000000000000000000000000000000000001001101101011101
0001010000000000000010000010101010101010110000001010000000001001
0000000000000000000000000000000000000000000000000000000000000000
0000000000000000000000000000000000000000000000000000000000000000
0000000000000000000000000000000000000000000000000000000000000000
0000000000000000000000000000000000000000000000000000000000000000
0000000000000000000000000000000000000000000000000000000000000000
0000000000000000000000000000000000000000000000000000000000000000
0000000000000000000000000000000000000000000000000000000000000000
0001010000000000000010000010101010101010110000001010000000001001
1100000011010000000010000000100010001000100000001010000000001001
0000000000000000000000000000000000000000000000000000000000000000
0000000000000000000000000000000000000000000000000000000000000000
0000000000000000000000000000000000000000000000000000000000000000
0000000000000000000000000000000000000000000000000000000000000000
0000000000000000000000000000000000000000000000000000000000000000
0000000000000000000000000000000000000000000000000000000000000000
0001010000000000000010000010101010101010110000001010000000001001
1100000011011000000010000000100010001000100000001010000000001001
1100000000000000000000000000001000100010000000000011101101001001
1100000000000000000000000000001000100010000000001001101101001001
0000110000000000000000000000001000100010000000000011101101001001
0000110000000000000000000000001000100010000000001001101101001001
0010100000000000000000000000001000100010000000000011101101010010
0010100000000000000000000000001000100010000000001001101101011101
0000000000000000000000000000000000000000000000000000000000000000
0000000000000000000000000001100110011000000000000011111100001001
0000000000000000000000000000000000000000000000000000000000000000
0000000000000000000000000000000000000000000000000000000000000000
0000000000000000000000000000000000000000000000000000000000000000
0000000000000000000000000000000000000000000000000000000000000000
0000000000000000000000000000000000000000000000000000000000000000
0000000000000000000000000000000000000000000000000000000000000000
0000000000000000000000000000000000000000000000000000000000000000
0000000000000000000000000000000000000000000000000000000000000000
0000000000000000000000000000000000000000000000000000000000000000
0000000000000000000000000000000000000000000000000000000000000000
0000000000000000000000000000000000000000000000000000000000000000
0000000000000000000000000000000000000000000000000000000000000000
0000000000000000000000000000000000000000000000000000000000000000
0000000000000000000000000000000000000000000000000000000000000000
0000000000000000000000000000000000000000000000000000000000000000
0000000000000000000000000000000000000000000000000000000000000000
0000000000000000000000000000000000000000000000000000000000000000
0000000000000000000000000000000000000000000000000000000000000000
0000000000000000000000000000000000000000000000000000000000000000
0000000000000000000000000000000000000000000000000000000000000000
0000000000000000000000000000000000000000000000000000000000000000
0000000000000000000000000000000000000000000000000000000000000000
0000000000000000000000000000000000000000000000000000000000000000
0000000000000000000000000000000000000000000000000000000000000000
0000000000000000000000000001000100010000000000001000111101001001
0000000000000000000000000001000100010000000000001000111101001001
0000000000000000000000000000000000000000000000000000000000000000
0000000000000000000000000001000100010000000000001000111101001001
0000000000000000000000000001000100010000000000001000111101001001
0000000000000000000000000001000100010000000000001000111101001001
0000000000000000000000000001000100010000000000001000111101001001
0000000000000000000000000001000100010000000000001000111101001001
0000000000000000000000000000000000000000000000000000000000000000
0000000000000000000000000000000000000000000000000000000000000000
0000000000000000000000000000000000000000000000000000000000000000
0000000000000000000000000000000000000000000000000000000000000000
0000000000000000000000000000000000000000000000000000000000000000
0000000000000000000000000000000000000000000000000000000000000000
0000000000000000000000000000000000000000000000000000000000000000
0000000000000000000000000000000000000000000000000000000000000000
0000000000000000000010000010100010001000110000001010000000001001
0000000000000000000010000010100010001000110000001010000000001001
0000000000000000000010000010100010001000110000001010000000001001
0000000000000000000010000010100010001000110000001010000000001001
0000000000000000000010000010100010001000110000001010000000001001
0000000000000000000010000010100010001000110000001010000000001001
0000000000000000000010000010100010001000110000001010000000001001
0000000000000000000010000010100010001000110000001010000000001001
1100000010000000000010000000100010001000100000001010000000001001
1100000010000000000010000000100010001000100000001010000000001001
1100000010000000000010000000100010001000100000001010000000001001
1100000010000000000010000000100010001000100000001010000000001001
1100000010000000000010000000100010001000100000001010000000001001
1100000010000000000010000000100010001000100000001010000000001001
1100000010000000000010000000100010001000100000001010000000001001
1100000010000000000010000000100010001000100000001010000000001001
0000000000000000000000000000000000000000000000000000000000000000
0000000000000000000000000000000000000000000000000000000000000000
0000000000000000000000000000000000000000000000000000000000000000
0000000000000000000000000000000000000000000000000000000000000000
0000000000000000000000000000000000000000000000000000000000000000
0000000000000000000000000000000000000000000000000000000000000000
0000000000000000000000000000000000000000000000000000000000000000
0000000000000000000000000000000000000000000000000000000000000000
0010100000000000000010000010101010101010110000001010000000011101
0000000000000000000000000000000000000000000000000000000000000000
0010100000000000000010000010101010101010110000001010000000010010
0000000000000000000000000000000000000000000000000000000000000000
0000000000000000000000000000000000000000000000000000000000000000
0000000000000000000000000000000000000000000000000000000000000000
0000000000000000000000000000000000000000000000000000000000000000
0000000000000100000000000000000000000000000100010000000000001001
0010100000000100000000000000000000000000000100100000000000010010
0000000000000000000000000000000000000000000000000000000000000000
0000000000000000000000000000000000000000000000000000000000000000
0000000000000000000000000000000000000000000000000000000000000000
0000000000000000000000000000000000000000000000000000000000000000
0110100000000000001000000001001100110010000000001010000000010010
0000000000000000000000000000000000000000000000000000000000000000
0110100000000000011000000001001100110010000000001010000000010010
0000000000000000000000000000000000000000000000000000000000000000
0000000000000000000000000000000000000000000000000000000000000000
0000000000000000000000000000000000000000000000000000000000000000
0000000000000000000000000000000000000000000000000000000000000000
0000000000000000000000000000000000000000000000000000000000000000
0000000000000000000000000000000000000000000000000000000000000000
0000000000000000000000000000000000000000000000000000000000000000
0000000000000100000000001000000000000000000100010000000000001001
1110100000000000000000000001001000000010000000000011111101010010
1110100000000000000000000001001000000010000000001001111101011101
0000000000000000000000000000000000000000000000000000000000000000
1110100000000000000000000001001000000010000000001001111101010010
0000000000000000000000000000000000000000000000000000000000000000
0110100000000000001000000001001100110010000000001010000000011101
1100000000000000000010000000101010101010000000001010000000001001
0000000000000000000000000000000000000000000000000000000000000000
0000000000000000000000000000101010101010000000000010000000001001
0000000000000000000000000000101010101010000000001000000000001001
0000110000000000000000000000101010101010000000001010000000001001
0000110000000000000000000000101010101010000000001000000000011101
0001010000000000000000000000101010101010000000000110000000001001
0000000000000000000000000000000000000000000000000000000000000000
0000110001000000000000000000101010101010000000001010000000001001
1100000010000000000010000000100010001000100000001010000000001001
0000000000000000000010000000101010101010000000001010000000001001
0000000000000000000010000000101010101010000000001010000000001001
0000000000000000000010000000101010101010000000001010000000001001
0000000000000000000010000000101010101010000000001010000000001001
0000000000000000000010000000101010101010000000001010000000001001
0000000000000000000010000000101010101010000000001010000000001001
0000000000000000000010000000101010101010000000001010000000001001
0000000000000000000010000000101010101010000000001010000000001001
0000000000000000000000000000000000000000000000000000000000000000
0000000000000000000000000000000000000000000000000000000000000000
0010101001001000000011101010101010101010110100001010000000111111
0000000000000000000000000000000000000000000000000000000000000000
0000000000000000000000000000000000000000000000000000000000000000
0000000000000000000000000000000000000000000000000000000000000000
0000000000000000000000000000000000000000000000000000000000000000
0000000000000000000000000000000000000000000000000000000000000000
0001010000000000000010000010101010101010110000001010000000001001
1100000011100000000010000000100010001000100000001010000000001001
0000000000000000000000000000000000000000000000000000000000000000
0000000000000000000000000000000000000000000000000000000000000000
0000000000000000000000000000000000000000000000000000000000000000
0000000000000000000000000000000000000000000000000000000000000000
0000000000000000000010000001010101010100101110001011111101001001
0000000000000000000010000001010101010100101110001011111101001001
0001010000000000000010000010101010101010110000001010000000001001
1100000011101000000010000000100010001000100000001010000000001001
0000000000000000000000000000000000000000000000000000000000000000
0000000000000000000000000000000000000000000000000000000000000000
0000000000000000000000000000000000000000000000000000000000000000
0000000000000000000000000000000000000000000000000000000000000000
0000000000000000000000000000000000000000000000000000000000000000
0000000000000000000000000000000000000000000000000000000000000000
0000000000000000000000000000000000000000000000000000000000000000
0000000000000000000000000000000000000000000000000000000000000000
0010100000000000000000000000101010101010000000001010000000010010
0010100000000000000000000000101010101010000000001010000000010010
0010100000000000000000000000101010101010000000001010000000010010
0010100000000000000000000000101010101010000000001010000000010010
0010100000000000000000000000101010101010000000001010000000010010
0010100000000000000000000000101010101010000000001010000000010010
0010100000000000000000000000101010101010000000001000000000011101
0010100000000000000000000000101010101010000000001000000000011101
0010100000000000000000000000101010101010000000001000000000011101
0010100000000000000000000000101010101010000000001000000000011101
0010100000000000000000000000101010101010000000001000000000011101
0010100000000000000000000000101010101010000000001000000000011101
0010100000000000000000000000101010101010000000001000000000011101
0010100000000000000000000000101010101010000000001000000000011101
1110100000000000000000000000011001000100000000000011101101010010
1110100000000000000000000000011001000100000000001001101101010010
0010100010000000000010010000000000000001000100000000000000011011
0000000010000000000010010000000000000000100100000000000000001001
0000000000000000000000000000000000000000000000000000000000000000
0000000000000000000000000000000000000000000000000000000000000000
0010100000000000000000000000101010101010000000000010000000010010
0010100000000000000000000000101010101010000000001000000000011101
0000000000000000000000000000000000000000000000000000000000000000
0000000000000000000000000000000000000000000000000000000000000000
0010100011001000000011010000000000000001000100000000000000011011
0000000011001000000011010000000000000000100100000000000000001001
0000000000000000000000000000000000000000000000000000000000000000
0000000000000000000000000000000000000000000000000000000000000000
0000000000000000000000000000000000000000000000000000000000000000
0000000000000000000000000000000000000000000000000000000000000000
1110100000000000000000000000011001000100000000000011101101001001
1110100000000000000000000000011001000100000000001001101101001001
1100000000000000000000000000011001000100000000000011101101001001
1100000000000000000000000000011001000100000000001001101101001001
0000000000000000000000000000000000000000000000000000000000000000
0000000000000000000000000000000000000000000000000000000000000000
0000000000000000000000000000000000000000000000000000000000000000
0000000000000000000000000000000000000000000000000000000000000000
0000000000000000000000000000000000000000000000000000000000000000
0000000000000000000000000000000000000000000000000000000000000000
0000000000000000000000000000000000000000000000000000000000000000
0000000000000000000000000000000000000000000000000000000000000000
0000000000000000000000000000000000000000000000000000000000000000
0000000000000000000000000000000000000000000000000000000000000000
0000000000000000000000000000000000000000000000000000000000000000
0000000000000000000000000000000000000000000000000000000000000000
0000000000000000000000000000000000000000000000000000000000000000
0000000000000000000000000000000000000000000000000000000000000000
0000000000000000000000000000000000000000000000000000000000000000
0000000000000000000000000000000000000000000000000000000000000000
0000000000000000000000000000000000000000000000000000000000000000
0000000000000000000000000000000000000000000000000000000000000000
0000000000000000000000000000000000000000000000000000000000000000
0000000000000000000000000000000000000000000000000000000000000000
0110101000000000000010001011001100110010110100001000000000011101
0110100000000000000000000001001100110010000000001010000000011101
0010100001001000000001100000101010101010000000001010000000101111
0110100000000000000000000001001100110010000000001010000000010010
0000000000000000000000000000000000000000000000000000000000000000
0000000000000100000000000000000000000000000010000000000000001001
0000000000000000000000000000000000000000000000000000000000000000
0000000000000000000000000000000000000000000000000000000000000000
0000000000000000000000000000000000000000000000000000000000000000
0000000000000000000000000000000000000000000000000000000000000000
0000000000000000000000000000000000000000000000000000000000000000
0000000000000000000000000000000000000000000000000000000000000000
0000000000000000000000000000000000000000000000000000000000000000
0000000000000000000000000000000000000000000000000000000000000000
1100000000000000000000000000111011101110000000000010000000001001
1100000000000000000000000000111011101110000000001000000000001001
0000000000000000000000000000000000000000000000000000000000000000
0000000000000000000000000000000000000000000000000000000000000000
0000000000000000000000000000000000000000000000000000000000000000
0000000000000000000000000000000000000000000000000000000000000000
0000000000000000000000000000000000000000000000000000000010001001
0000000000000000000000000000000000000000000000000000000000000000
0000000000000000000000000000000000000000000000000000000000000000
0000000000000000000000000000000000000000000000000000000000000000
