0010111001000000000000000000000000000000100100100
0010111001000000000000000000000000000010010010000
0001111001000000000000000000000000000000100000100
0001111001000000000000000000000000000010000010000
0100101000000000000000000000000000000000000000100
0100101000000000000000000000000000011000000010000
0000000100000000010000100100001010000000010110000
0000000100000000010000010000000000000010100010111
0010111001000000000000000000000000000000100100100
0010111001000000000000000000000000000010010010000
0001111001000000000000000000000000000000100000100
0001111001000000000000000000000000000010000010000
0100101000000000000000000000000000000000000000100
0100101000000000000000000000000000011000000010000
0000000100000000010000100100101010000000010110000
0000000000000000000000000000000000000000000000000
0000000000000000000000000000000000000000000000000
0000000000000000000000000000000000000000000000000
0000000000000000000000000000000000000000000000000
0000000000000000000000000000000000000000000000000
0000000000000000000000000000000000000000000000000
0000000000000000000000000000000000000000000000000
0000000100000000010000100101001010000000010110100
0000000100000000010000010000000000000010100010111
0000000000000000000000000000000000000000000000000
0000000000000000000000000000000000000000000000000
0000000000000000000000000000000000000000000000000
0000000000000000000000000000000000000000000000000
0000000000000000000000000000000000000000000000000
0000000000000000000000000000000000000000000000000
0000000100000000010000100101101010000000010110000
0000000100000000010000010000000000000010100010111
0010111001000000000000000000000000000000100100100
0010111001000000000000000000000000000010010010000
0001111001000000000000000000000000000000100000100
0001111001000000000000000000000000000010000010000
0100101000000000000000000000000000000000000000100
0100101000000000000000000000000000011000000010000
0000000000000000000000000000000000000000000000000
0100101000000101000000000000000000000000000000100
0000000000000000000000000000000000000000000000000
0000000000000000000000000000000000000000000000000
0000000000000000000000000000000000000000000000000
0000000000000000000000000000000000000000000000000
0000000000000000000000000000000000000000000000000
0000000000000000000000000000000000000000000000000
0000000000000000000000000000000000000000000000000
0000000000000000000000000000000000000000000000000
0000000000000000000000000000000000000000000000000
0000000000000000000000000000000000000000000000000
0000000000000000000000000000000000000000000000000
0000000000000000000000000000000000000000000000000
0000000000000000000000000000000000000000000000000
0000000000000000000000000000000000000000000000000
0000000000000000000000000000000000000000000000000
0000000000000000000000000000000000000000000000000
0000000000000000000000000000000000000000000000000
0000000000000000000000000000000000000000000000000
0000000000000000000000000000000000000000000000000
0000000000000000000000000000000000000000000000000
0000000000000000000000000000000000000000000000000
0000000000000000000000000000000000000000000000000
0000000000000000000000000000000000000000000000000
0000000000000000000000000000000000000000000000000
0000101010000000000000000000000000000000000010000
0000101010000000000000000000000000000000000010000
0000000000000000000000000000000000000000000000000
0000101010000000000000000000000000000000000010000
0000101010000000000000000000000000000000000010000
0000101010000000000000000000000000000000000010000
0000101010000000000000000000000000000000000010000
0000101010000000000000000000000000000000000010000
0000000000000000000000000000000000000000000000000
0000000000000000000000000000000000000000000000000
0000000000000000000000000000000000000000000000000
0000000000000000000000000000000000000000000000000
0000000000000000000000000000000000000000000000000
0000000000000000000000000000000000000000000000000
0000000000000000000000000000000000000000000000000
0000000000000000000000000000000000000000000000000
0000100110000000010000100000000110000000010010000
0000100110000000010000100000000110000000010010000
0000100110000000010000100000000110000000010010000
0000100110000000010000100000000110000000010010000
0000100110000000010000100000000110000000010010000
0000100110000000010000100000000110000000010010000
0000100110000000010000100000000110000000010010000
0000100110000000010000100000000110000000010010000
0000001110000000010000010000000000000010000010011
0000001110000000010000010000000000000010000010011
0000001110000000010000010000000000000010000010011
0000001110000000010000010000000000000010000010011
0000001110000000010000010000000000000010000010011
0000001110000000010000010000000000000010000010011
0000001110000000010000010000000000000010000010011
0000001110000000010000010000000000000010000010011
0000000000000000000000000000000000000000000000000
0000000000000000000000000000000000000000000000000
0000000000000000000000000000000000000000000000000
0000000000000000000000000000000000000000000000000
0000000000000000000000000000000000000000000000000
0000000000000000000000000000000000000000000000000
0000000000000000000000000000000000000000000000000
0000000000000000000000000000000000000000000000000
0000000100000000010000100000000110011000010010000
0000000000000000000000000000000000000000000000000
0000000100000000010000100000000110000000010010000
0000000000000000000000000000000000000000000000000
0000000000000000000000000000000000000000000000000
0000000000000000000000000000000000000000000000000
0000000000000000000000000000000000000000000000000
0001000001010000000000000000000000000011100010000
0001000001010000000000000000000000000011100010000
0000000000000000000000000000000000000000000000000
0000000000000000000000000000000000000000000000000
0000000000000000000000000000000000000000000000000
0000000000000000000000000000000000000000000000000
0000000000001000000000000000000000000000000010001
0000000000000000000000000000000000000000000000000
0000000000001000000000000000000000000000000010001
0000000000000000000000000000000000000000000000000
0000000000000000000000000000000000000000000000000
0000000000000000000000000000000000000000000000000
0000000000000000000000000000000000000000000000000
0000000000000000000000000000000000000000000000000
0000000000000000000000000000000000000000000000000
0000000000000000000000000000000000000000000000000
0010000001010000000000000000000000000000011110000
0010101001000000000000000000000000000000100100100
0010101001000000000000000000000000011010010010000
0000000000000000000000000000000000000000000000000
0010101001000000000000000000000000000010010010000
0000000000000000000000000000000000000000000000000
0000000000001000000000000000000000011000000010001
0010111101000000000000000000000000000000100100100
0000000000000000000000000000000000000000000000000
0010011001000000000000000000000000000000000100100
0010011001000000000000000000000000000000010010000
0001011001000000000000000000000000000000100000100
0001011001000000000000000000000000000010000010000
0010001001000000000000000100010000000000001101100
0000000000000000000000000000000000000000000000000
0001010001000000000000000000010000000001100010000
0010001101000000010000010000000000000010010010011
0100111110000000000000000000000000000000000010000
0100111110000000000000000000000000000000000010000
0100111110000000000000000000000000000000000010000
0100111110000000000000000000000000000000000010000
0100111110000000000000000000000000000000000010000
0100111110000000000000000000000000000000000010000
0100111110000000000000000000000000000000000010000
0100111110000000000000000000000000000000000010000
0000000000000000000000000000000000000000000000000
0000000000000000000000000000000000000000000000000
0000000100001000010000100000001111101000011110100
0000000000000000000000000000000000000000000000000
0000000000000000000000000000000000000000000000000
0000000000000000000000000000000000000000000000000
0000000000000000000000000000000000000000000000000
0000000000000000000000000000000000000000000000000
0000000100000000010000100110001010000000010110000
0000000100000000010000010000000000000010100010111
0000000000000000000000000000000000000000000000000
0000000000000000000000000000000000000000000000000
0000000000000000000000000000000000000000000000000
0000000000000000000000000000000000000000000000000
0000111100000000000100001000000000000000100010100
0000111100000000000100001000000000000010000010100
0000000100000000010000100110101010000000010110000
0000000100000000010000010000000000000010100010111
0000000000000000000000000000000000000000000000000
0000000000000000000000000000000000000000000000000
0000000000000000000000000000000000000000000000000
0000000000000000000000000000000000000000000000000
0000000000000000000000000000000000000000000000000
0000000000000000000000000000000000000000000000000
0000000000000000000000000000000000000000000000000
0000000000000000000000000000000000000000000000000
0000001010000000000000000000000000000000000000100
0000001010000000000000000000000000000000000000100
0000001010000000000000000000000000000000000000100
0000001010000000000000000000000000000000000000100
0000001010000000000000000000000000000000000000100
0000001010000000000000000000000000000000000000100
0000001010000000000000000000000000011000000010000
0000001010000000000000000000000000011000000010000
0000001010000000000000000000000000011000000010000
0000001010000000000000000000000000011000000010000
0000001010000000000000000000000000011000000010000
0000001010000000000000000000000000011000000010000
0000001010000000000000000000000000011000000010000
0000001010000000000000000000000000011000000010000
0010101001000000000000000000000000000000100100100
0010101001000000000000000000000000000010010010000
0000000100001000010001010000000000010110000010000
0000000100001000010001010000000000000010000010000
0000000000000000000000000000000000000000000000000
0000000000000000000000000000000000000000000000000
0010001001000000000000000000000000000000000100100
0010001001000000000000000000000000011000010010000
0000000000000000000000000000000000000000000000000
0000000000000000000000000000000000000000000000000
0000000100001000010001010000000000010111000010000
0000000100001000010001010000000000000011000010000
0000000000000000000000000000000000000000000000000
0000000000000000000000000000000000000000000000000
0000000000000000000000000000000000000000000000000
0000000000000000000000000000000000000000000000000
0010101001000000000000000000000000111100100100100
0010101001000000000000000000000000111110010010000
0010111001000000001000000000000000000000100100100
0010111001000000001000000000000000000010010010000
0000000000000000000000000000000000000000000000000
0000000000000000000000000000000000000000000000000
0000000000000000000000000000000000000000000000000
0000000000000000000000000000000000000000000000000
0000000000000000000000000000000000000000000000000
0000000000000000000000000000000000000000000000000
0000000000000000000000000000000000000000000000000
0000000000000000000000000000000000000000000000000
0000000000000000000000000000000000000000000000000
0000000000000000000000000000000000000000000000000
0000000000000000000000000000000000000000000000000
0000000000000000000000000000000000000000000000000
0000000000000000000000000000000000000000000000000
0000000000000000000000000000000000000000000000000
0000000000000000000000000000000000000000000000000
0000000000000000000000000000000000000000000000000
0000000000000000000000000000000000000000000000000
0000000000000000000000000000000000000000000000000
0000000000000000000000000000000000000000000000000
0000000000000000000000000000000000000000000000000
0000000100001000010000100000000110011000010010101
0000000000001000000000000000000000011000000010001
0000000000001000000000000000000000011000000010000
0000000000001000000000000000000000000000000010001
0000000000000000000000000000000000000000000000000
0001000001110000000000000000000000000011100010000
0000000000000000000000000000000000000000000000000
0000000000000000000000000000000000000000000000000
0000000000000000000000000000000000000000000000000
0000000000000000000000000000000000000000000000000
0000000000000000000000000000000000000000000000000
0000000000000000000000000000000000000000000000000
0000000000000000000000000000000000000000000000000
0000000000000000000000000000000000000000000000000
0010101001000000000000000000000000000000100100100
0010101001000000000000000000000000000010010010000
0000000000000000000000000000000000000000000000000
0000000000000000000000000000000000000000000000000
0000000000000000000000000000000000000000000000000
0000000000000000000000000000000000000000000000000
0000000000000000000000000000000000000000000010000
0000000000000000000000000000000000000000000000000
0000000000000000000000000000000000000000000000000
0000000000000000000000000000000000000000000000000
