1010101001000000000000000000000000000000100100100
0000000000000000000000000000000000000000000000000
0000000000000000000000000000000000000000000000000
0000000000000000000000000000000000000000000000000
0000000000000000000000000000000000000000000000000
0000000000000000000000000000000000000000000000000
0000000000000000000000000000000000000000000000000
0000000000000000000000000000000000000000000000000
1010100001001000000000000000000000000010000010000
0000000000000000000000000000000000000000000000000
0000000000000000000000000000000000000000000000000
0000000000000000000000000000000000000000000000000
0000000000000000000000000000000000000000000000000
0000000000000000000000000000000000000000000000000
0000000000000000000000000000000000000000000000000
0000000000000000000000000000000000000000000000000
1001011001000000000000000000000000000010000010000
0000000000000000000000000000000000000000000000000
0000000000000000000000000000000000000000000000000
0000000000000000000000000000000000000000000000000
0000000000000000000000000000000000000000000000000
0000000000000000000000000000000000000000000000000
0000000000000000000000000000000000000000000000000
0000000000000000000000000000000000000000000000000
0000000000000000000000000000000000000000000000000
0000000000000000000000000000000000000000000000000
0000000000000000000000000000000000000000000000000
0000000000000000000000000000000000000000000000000
0000000000000000000000000000000000000000000000000
0000000000000000000000000000000000000000000000000
0000000000000000000000000000000000000000000000000
0000000000000000000000000000000000000000000000000
0000000000000000000000000000000000000000000000000
0000000000000000000000000000000000000000000000000
0000000000000000000000000000000000000000000000000
0000000000000000000000000000000000000000000000000
0000000000000000000000000000000000000000000000000
0000000000000000000000000000000000000000000000000
0000000000000000000000000000000000000000000000000
0000000000000000000000000000000000000000000000000
0000000000000000000000000000000000000000000000000
0000000000000000000000000000000000000000000000000
0000000000000000000000000000000000000000000000000
0000000000000000000000000000000000000000000000000
0000000000000000000000000000000000000000000000000
0000000000000000000000000000000000000000000000000
0000000000000000000000000000000000000000000000000
0000000000000000000000000000000000000000000000000
0000000000000000000000000000000000000000000000000
0000000000000000000000000000000000000000000000000
0000000000000000000000000000000000000000000000000
0000000000000000000000000000000000000000000000000
0000000000000000000000000000000000000000000000000
0000000000000000000000000000000000000000000000000
0000000000000000000000000000000000000000000000000
0000000000000000000000000000000000000000000000000
1010111101000000100010000000000000000000100100100
0000000000000000000000000000000000000000000000000
0000000000000000000000000000000000000000000000000
0000000000000000000000000000000000000000000000000
0000000000000000000000000000000000000000000000000
0000000000000000000000000000000000000000000000000
0000000000000000000000000000000000000000000000000
0000000000000000000000000000000000000000000000000
0000000000000000000000000000000000000000000000000
0000000000000000000000000000000000000000000000000
0000000000000000000000000000000000000000000000000
0000000000000000000000000000000000000000000000000
0000000000000000000000000000000000000000000000000
0000000000000000000000000000000000000000000000000
0000000000000000000000000000000000000000000000000
0000000000000000000000000000000000000000000000000
0000000000000000000000000000000000000000000000000
0000000000000000000000000000000000000000000000000
0000000000000000000000000000000000000000000000000
0000000000000000000000000000000000000000000000000
0000000000000000000000000000000000000000000000000
0000000000000000000000000000000000000000000000000
0000000000000000000000000000000000000000000000000
0000000000000000000000000000000000000000000000000
0000000000000000000000000000000000000000000000000
0000000000000000000000000000000000000000000000000
0000000000000000000000000000000000000000000000000
0000000000000000000000000000000000000000000000000
0000000000000000000000000000000000000000000000000
0000000000000000000000000000000000000000000000000
0000000000000000000000000000000000000000000000000
0000000000000000000000000000000000000000000000000
0000000000000000000000000000000000000000000000000
0000000000000000000000000000000000000000000000000
0000000000000000000000000000000000000000000000000
0000000000000000000000000000000000000000000000000
0000000000000000000000000000000000000000000000000
0000000000000000000000000000000000000000000000000
0000000000000000000000000000000000000000000000000
0000000000000000000000000000000000000000000000000
0000000000000000000000000000000000000000000000000
0000000000000000000000000000000000000000000000000
0000000000000000000000000000000000000000000000000
0000000000000000000000000000000000000000000000000
0000000000000000000000000000000000000000000000000
0000000000000000000000000000000000000000000000000
0000000000000000000000000000000000000000000000000
0000000000000000000000000000000000000000000000000
1000001010000000000000000000000000000000000000100
0000000000000000000000000000000000000000000000000
0000000000000000000000000000000000000000000000000
0000000000000000000000000000000000000000000000000
0000000000000000000000000000000000000000000000000
0000000000000000000000000000000000000000000000000
0000000000000000000000000000000000000000000000000
0000000000000000000000000000000000000000000000000
1000001010000000000000000000000000000000000000100
0000000000000000000000000000000000000000000000000
0000000000000000000000000000000000000000000000000
0000000000000000000000000000000000000000000000000
0000000000000000000000000000000000000000000000000
0000000000000000000000000000000000000000000000000
0000000000000000000000000000000000000000000000000
0000000000000000000000000000000000000000000000000
1010100101000000010000100000000110000010010010000
0000000000000000000000000000000000000000000000000
1001000001110000000000000000000000000011100010000
0000000000000000000000000000000000000000000000000
1000000000000000000000000000000000000000000010000
0000000000000000000000000000000000000000000000000
1010111101000000000000000000000000000010010010000
0000000000000000000000000000000000000000000000000
1010101001000000000000000000000000000010010010000
0000000000000000000000000000000000000000000000000
0000000000000000000000000000000000000000000000000
0000000000000000000000000000000000000000000000000
0000000000000000000000000000000000000000000000000
0000000000000000000000000000000000000000000000000
0000000000000000000000000000000000000000000000000
0000000000000000000000000000000000000000000000000
1000101010000000000000000000000000000000000010000
0000000000000000000000000000000000000000000000000
0000000000000000000000000000000000000000000000000
0000000000000000000000000000000000000000000000000
0000000000000000000000000000000000000000000000000
0000000000000000000000000000000000000000000000000
0000000000000000000000000000000000000000000000000
0000000000000000000000000000000000000000000000000
1010100101001000010000100000000110000010010010100
0000000000000000000000000000000000000000000000000
0000000000000000000000000000000000000000000000000
0000000000000000000000000000000000000000000000000
0000000000000000000000000000000000000000000000000
0000000000000000000000000000000000000000000000000
0000000000000000000000000000000000000000000000000
0000000000000000000000000000000000000000000000000
0000000000000000000000000000000000000000000000000
0000000000000000000000000000000000000000000000000
0000000000000000000000000000000000000000000000000
0000000000000000000000000000000000000000000000000
0000000000000000000000000000000000000000000000000
0000000000000000000000000000000000000000000000000
0000000000000000000000000000000000000000000000000
0000000000000000000000000000000000000000000000000
0000000000000000000000000000000000000000000000000
0000000000000000000000000000000000000000000000000
0000000000000000000000000000000000000000000000000
0000000000000000000000000000000000000000000000000
0000000000000000000000000000000000000000000000000
0000000000000000000000000000000000000000000000000
0000000000000000000000000000000000000000000000000
0000000000000000000000000000000000000000000000000
0000000000000000000000000000000000000000000000000
0000000000000000000000000000000000000000000000000
0000000000000000000000000000000000000000000000000
0000000000000000000000000000000000000000000000000
0000000000000000000000000000000000000000000000000
0000000000000000000000000000000000000000000000000
0000000000000000000000000000000000000000000000000
0000000000000000000000000000000000000000000000000
0000000000000000000000000000000000000000000000000
0000000000000000000000000000000000000000000000000
0000000000000000000000000000000000000000000000000
0000000000000000000000000000000000000000000000000
0000000000000000000000000000000000000000000000000
0000000000000000000000000000000000000000000000000
0000000000000000000000000000000000000000000000000
0000000000000000000000000000000000000000000000000
1010111101000000100010000000000000000010010010000
0000000000000000000000000000000000000000000000000
0000000000000000000000000000000000000000000000000
0000000000000000000000000000000000000000000000000
0000000000000000000000000000000000000000000000000
0000000000000000000000000000000000000000000000000
0000000000000000000000000000000000000000000000000
0000000000000000000000000000000000000000000000000
0000000000000000000000000000000000000000000000000
0000000000000000000000000000000000000000000000000
0000000000000000000000000000000000000000000000000
0000000000000000000000000000000000000000000000000
0000000000000000000000000000000000000000000000000
0000000000000000000000000000000000000000000000000
0000000000000000000000000000000000000000000000000
0000000000000000000000000000000000000000000000000
0000000000000000000000000000000000000000000000000
0000000000000000000000000000000000000000000000000
0000000000000000000000000000000000000000000000000
0000000000000000000000000000000000000000000000000
0000000000000000000000000000000000000000000000000
0000000000000000000000000000000000000000000000000
0000000000000000000000000000000000000000000000000
0000000000000000000000000000000000000000000000000
0000000000000000000000000000000000000000000000000
0000000000000000000000000000000000000000000000000
0000000000000000000000000000000000000000000000000
0000000000000000000000000000000000000000000000000
0000000000000000000000000000000000000000000000000
0000000000000000000000000000000000000000000000000
0000000000000000000000000000000000000000000000000
0000000000000000000000000000000000000000000000000
0000000000000000000000000000000000000000000000000
0000000000000000000000000000000000000000000000000
0000000000000000000000000000000000000000000000000
0000000000000000000000000000000000000000000000000
0000000000000000000000000000000000000000000000000
0000000000000000000000000000000000000000000000000
0000000000000000000000000000000000000000000000000
0000000000000000000000000000000000000000000000000
0000000000000000000000000000000000000000000000000
0000000000000000000000000000000000000000000000000
0000000000000000000000000000000000000000000000000
0000000000000000000000000000000000000000000000000
0000000000000000000000000000000000000000000000000
0000000000000000000000000000000000000000000000000
0000000000000000000000000000000000000000000000000
0000000000000000000000000000000000000000000000000
1000000000001000000000000000000000011000000010001
0000000000000000000000000000000000000000000000000
0000000000000000000000000000000000000000000000000
0000000000000000000000000000000000000000000000000
0000000000000000000000000000000000000000000000000
0000000000000000000000000000000000000000000000000
0000000000000000000000000000000000000000000000000
0000000000000000000000000000000000000000000000000
1001000001110000000000000000000000000011100010000
0000000000000000000000000000000000000000000000000
0000000000000000000000000000000000000000000000000
0000000000000000000000000000000000000000000000000
0000000000000000000000000000000000000000000000000
0000000000000000000000000000000000000000000000000
0000000000000000000000000000000000000000000000000
0000000000000000000000000000000000000000000000000
0000000000000000000000000000000000000000000000000
0000000000000000000000000000000000000000000000000
0000000000000000000000000000000000000000000000000
0000000000000000000000000000000000000000000000000
0000000000000000000000000000000000000000000000000
0000000000000000000000000000000000000000000000000
0000000000000000000000000000000000000000000000000
0000000000000000000000000000000000000000000000000
